23061
00983
04470
25422
17237
04490
23010
26322
16100
16160
24194
25881
26637
05951
16066
20312
00432
21199
00060
02306
13506
19205
08024
18720
23905
04771
11362
27517
03629
20212
08224
02353
28556
21250
00026
16791
20367
11960
20624
04402
21896
17483
05931
19006
18622
19584
04910
01509
16038
07623
12326
03660
12352
11861
09491
09383
23404
13103
02266
29562
05355
08363
16218
14241
12933
26232
02822
21424
20717
19665
07482
11393
08764
22121
23966
15551
19642
28264
18881
18688
16816
02803
26440
24062
07947
27281
22141
03503
07431
19035
01235
28483
19517
15337
28571
11383
24211
23243
29992
06016
